10 10
100 1100
1100 2100
2100 3100
3100 4100
4100 5100
5100 6100
6100 7100
7100 8100
8100 9100
9100 10100
10100 11100
11100 12100
12100 13100
13100 14100
14100 15100
15100 16100
16100 17100
17100 18100
18100 19100
19100 20100
20100 21100
21100 22100
22100 23100
23100 24100
24100 25100
25100 26100
26100 27100
27100 28100
28100 29100
29100 30100
30100 31100
31100 32100
32100 33100
33100 34100
34100 35100
35100 36100
36100 37100
37100 38100
38100 39100
39100 40100
40100 41100
41100 42100
42100 43100
43100 44100
44100 45100
45100 46100
46100 47100
47100 48100
48100 49100
49100 50100
50100 51100
51100 52100
52100 53100
53100 54100
54100 55100
55100 56100
56100 57100
57100 58100
58100 59100
59100 60100
60100 61100
61100 62100
62100 63100
63100 64100
64100 65100
65100 66100
66100 67100
67100 68100
68100 69100
69100 70100
70100 71100
71100 72100
72100 73100
73100 74100
74100 75100
75100 76100
76100 77100
77100 78100
78100 79100
79100 80100
80100 81100
81100 82100
82100 83100
83100 84100
84100 85100
85100 86100
86100 87100
87100 88100
88100 89100
89100 90100
90100 91100
91100 92100
92100 93100
93100 94100
94100 95100
95100 96100
96100 97100
97100 98100
98100 99100
1000 1000